,goodsCode,qty,bigbox,smallbox,box,sore
0,031160208002	,777524.0,120,60.0,5,10617.0
1,031160203112	,645263.0,120,60.0,5,8116.0
2,031150602058	,409763.0,120,60.0,5,5193.0
3,031160203037	,299584.0,200,50.0,5,3902.0
4,031150602047	,293949.0,200,50.0,5,6630.0
5,031150601166	,233858.0,120,60.0,5,5360.0
6,031160103043	,232496.0,40,20.0,5,4026.0
7,031160103041	,231785.0,80,40.0,5,6412.0
8,031150601134	,172487.0,120,60.0,5,4349.0
9,031150601264	,171147.0,200,50.0,5,3693.0
10,660240010224	,163146.0,80,40.0,5,550.0
11,660240010219	,157274.0,80,40.0,5,507.0
12,031160103034	,147350.0,80,40.0,5,2198.0
13,660110010077	,146233.0,80,40.0,5,2587.0
14,031160203044	,144786.0,120,60.0,5,5245.0
15,660050020204	,144100.0,120,120.0,10,1931.0
16,660010020034	,134338.0,120,60.0,5,1321.0
17,031150601026	,127109.0,200,50.0,5,3260.0
18,660240010230	,125772.0,80,40.0,5,541.0
19,660120010019	,124249.0,120,60.0,5,3318.0
20,660050010053	,114011.0,240,240.0,20,2811.0
21,660110010029	,113317.0,120,60.0,5,1685.0
22,031150602033	,112021.0,200,50.0,5,3594.0
23,660240010223	,109328.0,80,40.0,5,51.0
24,660240010196	,103777.0,80,40.0,5,449.0
25,031150602057	,97737.0,120,60.0,5,2449.0
26,020050010002	,90057.0,120,60.0,5,2904.0
27,031150601211	,86151.0,200,200.0,10,147.0
28,031160103033	,85599.0,80,40.0,5,2251.0
29,020080010007	,84151.0,120,60.0,5,1769.0
30,031160203129	,82519.0,200,50.0,0,5.0
31,660200010168	,81161.0,120,60.0,5,434.0
32,660330020002	,77149.0,80,40.0,5,2684.0
33,660140020025	,76261.0,40,20.0,5,830.0
34,031150601029	,71556.0,200,50.0,5,1867.0
35,660010010433	,71481.0,30,30.0,5,313.0
36,660120020001	,69307.0,120,60.0,5,1769.0
37,031150602035	,66281.0,200,50.0,5,1993.0
38,660050020030	,64109.0,60,60.0,10,1550.0
39,660110010004	,62374.0,120,60.0,5,711.0
40,031121501041	,61240.0,100,20.0,5,9630.0
41,660010500016	,59773.0,20,20.0,5,87.0
42,031121501037	,59193.0,100,20.0,5,8785.0
43,660250010177	,58752.0,80,40.0,5,56.0
44,031160104038	,57425.0,40,20.0,5,2148.0
45,020080010005	,56215.0,120,60.0,5,1438.0
46,660240010208	,56033.0,80,40.0,5,63.0
47,031121501018	,54251.0,100,20.0,5,8644.0
48,031150601263	,52729.0,120,60.0,5,753.0
49,660240010220	,51396.0,80,40.0,5,483.0
50,031160203018	,51359.0,200,50.0,5,2442.0
51,031160104040	,50914.0,40,20.0,5,1983.0
52,020020010024	,50438.0,40,20.0,5,2910.0
53,660270030015	,50360.0,120,60.0,5,401.0
54,660010010527	,50177.0,30,30.0,5,470.0
55,660200010209	,49254.0,120,60.0,10,496.0
56,031150601191	,49166.0,120,60.0,5,2459.0
57,660240010234	,46701.0,80,40.0,5,279.0
58,031121501044	,46396.0,100,20.0,5,8009.0
59,660250020041	,44529.0,60,60.0,5,40.0
60,660430020001	,44383.0,100,100.0,10,820.0
61,660110010042	,44359.0,120,60.0,5,443.0
62,660010020330	,44286.0,120,60.0,5,364.0
63,031150602030	,43143.0,400,100.0,10,1683.0
64,660050020037	,42987.0,120,120.0,10,1734.0
65,660330050003	,42742.0,120,120.0,10,946.0
66,031150601123	,42740.0,120,60.0,5,1027.0
67,031160103148	,41857.0,80,40.0,5,3055.0
68,660250010142	,40997.0,80,40.0,5,445.0
69,031121501023	,39878.0,100,20.0,5,7065.0
70,660010020032	,38638.0,120,60.0,5,581.0
71,660200010969	,38628.0,120,60.0,10,361.0
72,031121501009	,38183.0,100,20.0,5,7655.0
73,031160203065	,38133.0,120,60.0,5,3713.0
74,660010500015	,37915.0,20,20.0,5,78.0
75,031160203003	,37573.0,200,50.0,5,1023.0
76,031132501008	,36092.0,40,20.0,5,1819.0
77,031150601136	,35684.0,120,60.0,5,1883.0
78,660050020205	,34630.0,200,200.0,10,1481.0
79,031132302006	,34497.0,40,20.0,5,3506.0
80,660050020036	,33728.0,200,200.0,20,1079.0
81,670050020001	,33339.0,40,20.0,5,196.0
82,660200010169	,32932.0,120,60.0,10,452.0
83,660110010089	,32224.0,80,40.0,10,227.0
84,660110010079	,31852.0,80,40.0,10,114.0
85,660110010081	,31778.0,80,40.0,5,80.0
86,660010020192	,31765.0,120,60.0,5,455.0
87,660140020026	,31658.0,40,20.0,5,863.0
88,031121501046	,31122.0,100,20.0,5,6436.0
89,670030010002	,31046.0,40,40.0,5,1018.0
90,660200010855	,31037.0,120,120.0,10,229.0
91,031150601146	,31029.0,120,60.0,5,1471.0
92,660240010232	,30884.0,80,40.0,5,574.0
93,031121501036	,30463.0,100,20.0,5,6904.0
94,660200010101	,29643.0,100,100.0,10,347.0
95,660200010009	,29346.0,150,150.0,10,387.0
96,031160203079	,29003.0,120,60.0,5,868.0
97,031121501032	,29002.0,100,20.0,5,6291.0
98,660330020001	,28341.0,80,40.0,5,467.0
99,660010020210	,27934.0,120,60.0,5,422.0
100,031121501042	,27804.0,100,20.0,5,6374.0
101,031121501017	,27506.0,100,20.0,5,6348.0
102,020020010026	,26944.0,20,20.0,5,1234.0
103,031131802003	,26397.0,40,20.0,5,1575.0
104,660120030003	,26153.0,120,120.0,15,113.0
105,660200010158	,25802.0,120,60.0,5,752.0
106,020080010009	,25796.0,120,60.0,10,1279.0
107,660430010038	,25738.0,60,60.0,10,450.0
108,031160103011	,25681.0,80,40.0,5,750.0
109,031150602034	,25352.0,120,60.0,10,675.0
110,031410102281	,25040.0,80,80.0,0,0.0
111,660010010514	,24968.0,30,30.0,5,604.0
112,660010010515	,24927.0,30,30.0,5,341.0
113,660110010082	,24870.0,80,40.0,5,316.0
114,031160104041	,24815.0,40,20.0,5,840.0
115,660200010660	,24495.0,120,60.0,0,3.0
116,031130508016	,24318.0,40,20.0,5,1613.0
117,660430020002	,24085.0,100,100.0,10,844.0
118,660010010572	,23879.0,30,30.0,5,241.0
119,660060030005	,23724.0,999,40.0,5,111.0
120,031132501024	,23655.0,40,20.0,5,1838.0
121,660250020042	,23370.0,60,60.0,15,37.0
122,020080010003	,23245.0,120,60.0,5,2597.0
123,660200010976	,23229.0,120,60.0,5,192.0
124,660110010043	,23108.0,120,60.0,5,397.0
125,660110010083	,23019.0,80,40.0,5,152.0
126,031160204003	,22936.0,80,40.0,5,881.0
127,660250010164	,22924.0,80,40.0,10,166.0
128,660010010877	,22772.0,20,20.0,5,293.0
129,660200010882	,22738.0,120,60.0,10,334.0
130,031160103183	,22706.0,40,20.0,5,1180.0
131,031440201128	,22000.0,120,60.0,0,0.0
132,020020010007	,21786.0,40,20.0,5,2098.0
133,660050010056	,21734.0,240,240.0,20,611.0
134,660240010222	,21405.0,80,40.0,5,193.0
135,660110010078	,21302.0,80,40.0,10,295.0
136,031121501022	,20778.0,100,20.0,5,5772.0
137,020050010013	,20721.0,120,60.0,5,1080.0
138,660050010058	,20671.0,240,240.0,10,928.0
139,660200010809	,20634.0,120,120.0,10,193.0
140,660220020344	,20522.0,80,80.0,10,432.0
141,031132501025	,20374.0,40,20.0,5,1345.0
142,660330020003	,20248.0,40,20.0,5,805.0
143,660050020235	,20118.0,60,60.0,10,97.0
144,660110010005	,20099.0,120,60.0,10,669.0
145,031150601296	,20000.0,200,50.0,0,0.0
146,031150601297	,20000.0,200,50.0,0,0.0
147,660110010059	,19923.0,80,40.0,10,374.0
148,660200010486	,19589.0,120,60.0,5,191.0
149,031150611010	,19492.0,120,60.0,5,530.0
150,660010010431	,19423.0,30,30.0,5,851.0
151,031121501035	,19338.0,100,20.0,5,4765.0
152,031121501039	,19188.0,100,20.0,5,4779.0
153,660200010811	,19125.0,120,60.0,10,108.0
154,660050010059	,19085.0,240,240.0,20,365.0
155,031150601284	,19000.0,200,100.0,0,0.0
156,020080010002	,18884.0,120,60.0,5,2016.0
157,031160103135	,18741.0,80,40.0,5,69.0
158,660220020154	,18483.0,40,40.0,5,131.0
159,031160104007	,18480.0,80,40.0,5,756.0
160,660050020026	,18228.0,200,200.0,20,1153.0
161,660010020334	,18165.0,120,60.0,5,453.0
162,660010020190	,18143.0,120,60.0,5,214.0
163,031121501031	,18084.0,100,20.0,5,4183.0
164,031410102425	,18080.0,120,60.0,0,0.0
165,031132501059	,18076.0,20,20.0,5,586.0
166,660110040003	,18049.0,120,60.0,5,592.0
167,031132801001	,17952.0,100,100.0,10,323.0
168,031160203043	,17946.0,180,90.0,10,1231.0
169,660010020211	,17931.0,120,60.0,10,294.0
170,660400010063	,17916.0,120,60.0,10,86.0
171,031440101095	,17840.0,80,80.0,0,0.0
172,031132501085	,17690.0,20,20.0,0,5.0
173,660010010516	,17684.0,30,30.0,5,514.0
174,031440201101	,17680.0,80,80.0,0,0.0
175,031150611002	,17569.0,80,40.0,5,604.0
176,660220020343	,17382.0,80,80.0,10,419.0
177,031150601024	,17367.0,200,50.0,5,1937.0
178,660110010030	,17364.0,120,60.0,5,535.0
179,660200010102	,17233.0,100,100.0,10,331.0
180,660250020048	,17227.0,60,60.0,5,404.0
181,031121501005	,17208.0,100,20.0,5,5518.0
182,031440201152	,17120.0,120,60.0,0,0.0
183,031440201129	,17087.0,120,60.0,5,6.0
184,660110010044	,17048.0,120,60.0,5,437.0
185,660200010884	,17043.0,120,60.0,10,385.0
186,031150601192	,16986.0,80,40.0,5,1180.0
187,031131802002	,16940.0,40,20.0,5,834.0
188,031160103147	,16907.0,80,40.0,5,1476.0
189,660200010156	,16664.0,120,60.0,10,380.0
190,660010020333	,16522.0,120,60.0,5,405.0
191,660200010161	,16470.0,120,60.0,10,585.0
192,660200010957	,16252.0,120,60.0,5,131.0
193,020090010004	,16215.0,40,20.0,5,691.0
194,031131802006	,16163.0,20,20.0,5,697.0
195,660440010218	,16074.0,120,10.0,5,2039.0
196,020080010010	,16073.0,120,60.0,5,288.0
197,660200010912	,15909.0,120,60.0,10,102.0
198,660110010026	,15813.0,80,40.0,5,168.0
199,020050010125	,15802.0,120,120.0,10,128.0
200,660200010013	,15793.0,120,120.0,10,441.0
201,660200010854	,15714.0,150,150.0,10,232.0
202,031132501034	,15563.0,20,20.0,5,1008.0
203,660110060001	,15504.0,120,60.0,5,300.0
204,031131802007	,15495.0,20,20.0,5,773.0
205,660240010244	,15239.0,120,60.0,5,150.0
206,031132302012	,15221.0,40,40.0,10,25.0
207,660110010093	,15205.0,80,40.0,5,102.0
208,660200010211	,15204.0,120,60.0,5,221.0
209,031121501007	,15168.0,100,20.0,5,5435.0
210,031440201124	,15150.0,120,60.0,0,0.0
211,031160203115	,14966.0,120,60.0,5,1073.0
212,031160103184	,14879.0,80,40.0,5,779.0
213,020080010011	,14701.0,80,40.0,5,1070.0
214,660200010487	,14661.0,120,60.0,10,166.0
215,660050040008	,14644.0,60,20.0,5,457.0
216,660200010803	,14595.0,120,120.0,10,173.0
217,031160104039	,14511.0,40,20.0,5,1497.0
218,031121501008	,14483.0,100,20.0,5,4721.0
219,031150601210	,14385.0,150,150.0,20,191.0
220,031150602037	,14187.0,120,60.0,10,1679.0
221,031160103192	,14011.0,40,20.0,5,656.0
222,660200010797	,13980.0,150,150.0,10,241.0
223,660410010001	,13927.0,60,60.0,5,377.0
224,660200010097	,13886.0,150,150.0,10,610.0
225,031121501040	,13792.0,100,20.0,5,4966.0
226,660200010963	,13610.0,120,60.0,10,153.0
227,660200010107	,13603.0,80,80.0,10,297.0
228,031121501049	,13540.0,100,20.0,5,4690.0
229,031160102046	,13472.0,80,40.0,5,813.0
230,031121501016	,13449.0,100,20.0,5,4889.0
231,660240010221	,13418.0,80,40.0,5,243.0
232,660010010658	,13231.0,30,30.0,5,283.0
233,031150601152	,13190.0,80,40.0,5,966.0
234,660200010801	,13130.0,120,120.0,10,165.0
235,660200010504	,13120.0,120,120.0,10,21.0
236,031121501033	,13086.0,100,20.0,5,4024.0
237,031160103191	,12856.0,80,40.0,5,988.0
238,031132501069	,12625.0,40,20.0,5,135.0
239,660140040003	,12588.0,80,40.0,5,176.0
240,660200010008	,12587.0,150,150.0,10,574.0
241,660200010915	,12544.0,120,60.0,10,127.0
242,660430010037	,12497.0,60,60.0,5,258.0
243,660150030050	,12325.0,40,20.0,5,70.0
244,660120020017	,12271.0,120,60.0,5,332.0
245,660200010804	,12255.0,150,150.0,10,241.0
246,031121501021	,12225.0,100,20.0,5,4239.0
247,660240010237	,12164.0,80,40.0,10,23.0
248,660010010924	,12144.0,30,30.0,5,372.0
249,020080010008	,12135.0,120,60.0,5,1098.0
250,660120010017	,12068.0,120,60.0,5,97.0
251,660240010235	,12004.0,80,40.0,5,178.0
252,031150601298	,12002.0,80,40.0,5,823.0
253,031132302005	,11976.0,40,20.0,5,672.0
254,031150611004	,11864.0,80,40.0,5,374.0
255,660110010094	,11761.0,80,40.0,10,198.0
256,660010020337	,11758.0,120,60.0,5,351.0
257,660220020345	,11743.0,80,80.0,5,244.0
258,660310010047	,11700.0,60,60.0,5,138.0
259,031132501006	,11664.0,20,20.0,5,989.0
260,020050010015	,11581.0,120,60.0,5,710.0
261,031160103160	,11420.0,80,40.0,0,4.0
262,031121501024	,11418.0,100,20.0,5,2558.0
263,660220020346	,11389.0,80,80.0,10,159.0
264,660200010106	,11388.0,80,80.0,10,317.0
265,031160203014	,11292.0,80,40.0,5,1680.0
266,660330050001	,11270.0,40,40.0,30,5.0
267,031132302018	,11216.0,20,20.0,5,434.0
268,660200010061	,11199.0,120,120.0,10,279.0
269,031160103182	,11173.0,80,40.0,5,670.0
270,031150611008	,11083.0,120,60.0,5,270.0
271,660110010020	,11062.0,120,60.0,5,600.0
272,670050020016	,10974.0,40,20.0,5,123.0
273,031121501048	,10842.0,100,20.0,5,3885.0
274,660110010028	,10812.0,80,40.0,5,380.0
275,660200010103	,10791.0,100,100.0,10,434.0
276,031160203117	,10664.0,80,40.0,5,462.0
277,660270030104	,10660.0,120,60.0,5,186.0
278,660050020045	,10641.0,200,200.0,10,628.0
279,670010020002	,10594.0,80,40.0,5,256.0
280,031150611006	,10484.0,80,40.0,5,294.0
281,660010010840	,10448.0,30,30.0,5,202.0
282,031132501038	,10446.0,40,20.0,5,19.0
283,031121501043	,10405.0,100,20.0,5,3704.0
284,660050020001	,10388.0,100,100.0,10,706.0
285,660200010002	,10380.0,120,60.0,10,31.0
286,660050020024	,10326.0,200,200.0,20,1091.0
287,660010010782	,10325.0,30,30.0,5,251.0
288,660200010856	,10282.0,80,80.0,10,150.0
289,660200010167	,10257.0,120,60.0,5,339.0
290,660120010016	,10204.0,120,60.0,5,144.0
291,031350301004	,10158.0,40,20.0,0,0.0
292,670010010014	,10157.0,40,20.0,15,10.0
293,660110010085	,10152.0,80,40.0,5,108.0
294,660050020195	,10136.0,120,120.0,5,330.0
295,670050020002	,10112.0,40,20.0,5,26.0
296,660010010434	,10097.0,30,30.0,5,371.0
297,031121502019	,10096.0,100,20.0,5,3534.0
298,031440201151	,10080.0,120,60.0,0,0.0
299,660250010131	,10070.0,40,40.0,10,231.0
300,031132302013	,10048.0,40,20.0,5,458.0
301,660050020041	,9999.0,200,200.0,30,78.0
302,020050010128	,9903.0,120,120.0,10,217.0
303,660110010019	,9872.0,120,60.0,5,471.0
304,660200010060	,9865.0,120,120.0,10,336.0
305,031160203047	,9850.0,200,50.0,10,606.0
306,031160103116	,9833.0,40,20.0,5,806.0
307,031150601193	,9786.0,120,60.0,5,684.0
308,660150030071	,9699.0,80,40.0,10,47.0
309,031150601071	,9697.0,120,60.0,10,235.0
310,660200010758	,9665.0,120,60.0,10,263.0
311,031121501030	,9586.0,100,20.0,5,3114.0
312,660200010159	,9506.0,120,60.0,10,451.0
313,660240010225	,9506.0,80,40.0,5,75.0
314,660010010805	,9479.0,30,30.0,5,337.0
315,660150030061	,9472.0,80,40.0,5,259.0
316,031121501045	,9466.0,100,20.0,5,3853.0
317,020050010009	,9431.0,80,40.0,5,1154.0
318,031160103193	,9418.0,40,20.0,5,466.0
319,660110040001	,9362.0,120,60.0,10,691.0
320,660270030022	,9333.0,120,60.0,5,422.0
321,660200010960	,9304.0,120,60.0,10,133.0
322,031132501043	,9104.0,40,20.0,5,1073.0
323,660110010088	,9101.0,80,40.0,10,140.0
324,660200010098	,9089.0,120,120.0,10,392.0
325,660200010148	,9056.0,100,100.0,10,290.0
326,660050020105	,9001.0,120,120.0,10,446.0
327,660050010230	,8978.0,60,20.0,5,155.0
328,031150611009	,8929.0,120,60.0,5,402.0
329,660200010862	,8918.0,120,60.0,10,32.0
330,031150611007	,8846.0,192,96.0,20,657.0
331,031150601265	,8841.0,120,60.0,5,565.0
332,660110010090	,8814.0,80,40.0,5,200.0
333,660010010558	,8725.0,20,20.0,5,177.0
334,020050010010	,8699.0,80,40.0,5,1049.0
335,660110010063	,8648.0,80,40.0,10,251.0
336,660050020107	,8607.0,120,120.0,10,567.0
337,660200010057	,8594.0,150,150.0,10,415.0
338,670030010003	,8529.0,40,40.0,5,298.0
339,660330050002	,8512.0,120,120.0,5,343.0
340,660200010149	,8432.0,100,100.0,10,253.0
341,031132302004	,8398.0,40,20.0,5,362.0
342,660050020042	,8375.0,200,200.0,20,787.0
343,031160103161	,8355.0,16,16.0,5,874.0
344,660250010068	,8354.0,80,40.0,5,162.0
345,031121502047	,8322.0,100,20.0,5,3891.0
346,020060010003	,8305.0,40,20.0,5,2678.0
347,660050010044	,8297.0,60,60.0,5,806.0
348,660050020011	,8233.0,400,400.0,20,735.0
349,660050010047	,8217.0,60,60.0,5,566.0
350,660200010966	,8177.0,120,60.0,10,146.0
351,031132501065	,8147.0,40,20.0,5,1568.0
352,031121505026	,8141.0,100,20.0,5,3116.0
353,660110010087	,8123.0,80,40.0,5,64.0
354,031440201130	,8080.0,120,60.0,40,1.0
355,660010010825	,8045.0,20,20.0,5,44.0
356,020080010006	,8014.0,120,60.0,5,374.0
357,660200010881	,8012.0,120,60.0,10,427.0
358,660200010127	,8000.0,120,60.0,0,0.0
359,031132501042	,7966.0,40,20.0,5,1245.0
360,660110010084	,7953.0,80,40.0,10,112.0
361,031131209014	,7910.0,20,20.0,5,90.0
362,031150601212	,7856.0,80,80.0,10,37.0
363,660110010071	,7821.0,80,40.0,5,267.0
364,031160103206	,7720.0,12,12.0,5,1361.0
365,660010010657	,7700.0,30,30.0,5,178.0
366,660200010796	,7688.0,150,150.0,10,271.0
367,031150601262	,7620.0,120,60.0,5,259.0
368,020040030001	,7611.0,100,20.0,5,3504.0
369,660010010826	,7512.0,20,20.0,5,41.0
370,660200010153	,7385.0,80,80.0,10,266.0
371,031132501035	,7369.0,20,20.0,5,199.0
372,660050020067	,7348.0,120,120.0,10,294.0
373,660200010252	,7333.0,120,60.0,10,208.0
374,660050040018	,7316.0,160,20.0,5,395.0
375,031150601304	,7304.0,150,150.0,0,4.0
376,660010010850	,7295.0,30,30.0,5,138.0
377,660010010783	,7273.0,30,30.0,5,194.0
378,660110010080	,7237.0,80,40.0,5,171.0
379,031150615018	,7197.0,200,50.0,30,11.0
380,660200010685	,7186.0,120,60.0,5,485.0
381,020050010127	,7183.0,120,120.0,20,151.0
382,660200010108	,7168.0,80,80.0,10,338.0
383,660050020237	,7141.0,40,40.0,0,0.0
384,031121501015	,7111.0,100,20.0,5,3135.0
385,660240010236	,7105.0,80,40.0,10,161.0
386,660200010012	,7020.0,120,120.0,10,554.0
387,031452701058	,7000.0,40,20.0,0,0.0
388,031150601194	,6973.0,80,40.0,5,547.0
389,020060010033	,6946.0,40,20.0,5,2371.0
390,660010010614	,6924.0,30,30.0,5,320.0
391,031132501105	,6918.0,40,20.0,5,57.0
392,031132501020	,6908.0,40,20.0,5,117.0
393,660200010865	,6896.0,120,60.0,10,57.0
394,660010020183	,6882.0,120,60.0,10,293.0
395,031121501038	,6853.0,100,20.0,5,3071.0
396,660240010202	,6825.0,80,40.0,5,52.0
397,660250010143	,6812.0,80,40.0,5,242.0
398,660050010043	,6808.0,60,60.0,5,335.0
399,031121502024	,6805.0,100,20.0,5,2898.0
400,031150703003	,6803.0,200,50.0,10,573.0
401,031131209013	,6794.0,20,20.0,5,102.0
402,660200010972	,6794.0,120,60.0,10,94.0
403,660200010794	,6698.0,120,60.0,10,109.0
404,660240010197	,6674.0,80,40.0,5,190.0
405,660110010031	,6661.0,120,60.0,5,148.0
406,660200010654	,6656.0,120,60.0,10,158.0
407,660270020061	,6630.0,40,40.0,5,130.0
408,020040040005	,6541.0,100,20.0,5,2426.0
409,660200010056	,6531.0,120,120.0,10,406.0
410,660200010726	,6516.0,120,60.0,5,158.0
411,660010010828	,6463.0,20,20.0,5,25.0
412,031121501027	,6440.0,100,20.0,5,1586.0
413,670010010015	,6386.0,40,20.0,5,18.0
414,660400010065	,6380.0,120,60.0,5,221.0
415,660200010885	,6368.0,120,60.0,10,328.0
416,660200010798	,6284.0,150,150.0,10,179.0
417,660010010571	,6209.0,30,30.0,5,220.0
418,660110050003	,6207.0,80,80.0,5,1658.0
419,031410102234	,6160.0,160,160.0,0,0.0
420,031121401043	,6150.0,18,18.0,5,759.0
421,031131601008	,6140.0,40,20.0,5,436.0
422,660110010058	,6104.0,80,40.0,5,116.0
423,660110050001	,6103.0,100,100.0,0,2.0
424,660010020182	,6093.0,120,60.0,10,316.0
425,660270020033	,6081.0,40,40.0,5,464.0
426,660110010027	,6075.0,80,40.0,5,127.0
427,031121505019	,6062.0,100,20.0,5,1583.0
428,660150030058	,6056.0,40,20.0,5,206.0
429,031121501026	,6048.0,100,20.0,5,1334.0
430,031440103092	,6040.0,80,40.0,0,0.0
431,660050020098	,6014.0,80,80.0,10,157.0
432,660200010645	,6006.0,120,60.0,35,17.0
433,670070010003	,5999.0,80,40.0,5,55.0
434,660010020331	,5975.0,120,60.0,10,48.0
435,031121502031	,5973.0,100,20.0,5,1892.0
436,031150601301	,5969.0,200,50.0,5,417.0
437,660120020029	,5960.0,120,60.0,10,499.0
438,660200010152	,5942.0,80,80.0,10,247.0
439,660270030004	,5934.0,120,60.0,5,199.0
440,020040040003	,5918.0,100,20.0,5,2003.0
441,031510101039	,5837.0,200,40.0,5,23.0
442,031160103099	,5812.0,40,20.0,5,581.0
443,660150030052	,5804.0,40,20.0,5,39.0
444,020080010014	,5779.0,120,60.0,5,129.0
445,660010010594	,5731.0,30,30.0,5,258.0
446,031132501022	,5695.0,40,20.0,5,347.0
447,660270030021	,5666.0,120,60.0,10,514.0
448,660050020213	,5647.0,60,60.0,5,2493.0
449,660440010161	,5644.0,120,10.0,5,142.0
450,660330020009	,5636.0,40,20.0,5,552.0
451,660250010173	,5629.0,80,40.0,5,227.0
452,660010010865	,5601.0,20,20.0,5,80.0
453,660010020335	,5596.0,120,60.0,5,26.0
454,031510101041	,5534.0,200,100.0,10,35.0
455,660050020230	,5522.0,90,90.0,10,54.0
456,660250010175	,5500.0,80,40.0,5,280.0
457,031132501072	,5487.0,20,20.0,5,85.0
458,020020010027	,5477.0,20,20.0,5,673.0
459,031121508017	,5438.0,100,20.0,5,3504.0
460,660220020156	,5427.0,40,40.0,5,48.0
461,020050010014	,5425.0,120,60.0,5,532.0
462,031121501034	,5418.0,100,20.0,5,1248.0
463,031131802005	,5348.0,20,20.0,5,545.0
464,660110010061	,5343.0,80,40.0,5,146.0
465,660110010024	,5333.0,80,40.0,5,331.0
466,660010010556	,5322.0,20,20.0,5,198.0
467,020050010117	,5277.0,120,120.0,10,121.0
468,031452501091	,5250.0,40,20.0,0,0.0
469,660140020004	,5245.0,40,20.0,5,210.0
470,031160203111	,5227.0,120,60.0,10,147.0
471,020050010072	,5219.0,120,60.0,10,353.0
472,031132801003	,5213.0,100,100.0,10,134.0
473,660250020022	,5203.0,250,250.0,20,265.0
474,660200010650	,5201.0,120,60.0,10,222.0
475,660110010055	,5200.0,120,60.0,5,100.0
476,020060010004	,5194.0,40,20.0,5,2125.0
477,660120020020	,5193.0,120,60.0,10,362.0
478,660010500022	,5148.0,20,20.0,5,21.0
479,660200010717	,5115.0,120,60.0,10,175.0
480,660200010236	,5115.0,120,60.0,10,316.0
481,660200010802	,5113.0,120,120.0,10,159.0
482,031132501070	,5099.0,40,20.0,5,36.0
483,660010010498	,5051.0,30,30.0,5,172.0
484,031440106006	,5050.0,420,420.0,400,1.0
485,660120020024	,5044.0,120,60.0,5,59.0
486,660200010800	,5030.0,120,120.0,10,148.0
487,660110010015	,5003.0,120,60.0,0,3.0
488,031150601389	,5000.0,200,50.0,0,0.0
489,031150601285	,5000.0,200,100.0,0,0.0
490,031150601355	,5000.0,140,140.0,0,0.0
491,031150601356	,5000.0,140,140.0,0,0.0
492,031150601390	,5000.0,200,50.0,40,2.0
493,031440103091	,5000.0,80,40.0,0,0.0
494,031440101125	,5000.0,80,40.0,15,3.0
495,660010020044	,4998.0,120,60.0,0,1.0
496,031150601027	,4994.0,200,50.0,10,227.0
497,031150001003	,4968.0,10,10.0,0,0.0
498,031121502037	,4960.0,100,20.0,5,2525.0
499,660240010198	,4957.0,80,40.0,10,87.0
500,660050010011	,4945.0,60,60.0,10,339.0
501,660120020021	,4920.0,120,60.0,5,374.0
502,660010010897	,4900.0,20,20.0,5,108.0
503,660010010881	,4898.0,20,20.0,5,28.0
504,660240010217	,4896.0,80,40.0,5,121.0
505,031121501006	,4893.0,100,20.0,5,2557.0
506,660120020023	,4867.0,120,60.0,5,166.0
507,660010500024	,4840.0,40,40.0,5,56.0
508,660400010067	,4821.0,120,60.0,5,107.0
509,660240010092	,4793.0,120,60.0,5,78.0
510,660400010064	,4781.0,120,60.0,5,246.0
511,660050010083	,4732.0,60,20.0,5,134.0
512,020040040004	,4707.0,100,20.0,5,2046.0
513,660200010964	,4705.0,120,60.0,5,101.0
514,660250020021	,4699.0,250,250.0,10,139.0
515,660200010248	,4693.0,120,60.0,10,261.0
516,031160103186	,4683.0,40,20.0,5,511.0
517,660010500021	,4675.0,20,20.0,5,48.0
518,660200010864	,4634.0,120,60.0,10,35.0
519,020040030026	,4627.0,100,20.0,5,1568.0
520,031160103185	,4593.0,40,20.0,5,562.0
521,660050010015	,4582.0,60,60.0,10,168.0
522,670050030002	,4571.0,40,40.0,5,100.0
523,020020010119	,4551.0,10,10.0,5,917.0
524,020060010002	,4541.0,40,20.0,5,2393.0
525,020050010113	,4508.0,120,120.0,15,169.0
526,031121501047	,4505.0,100,20.0,5,2381.0
527,020040030014	,4444.0,100,20.0,5,1683.0
528,031132701001	,4438.0,40,20.0,5,507.0
529,031121501025	,4430.0,100,20.0,5,1270.0
530,031150601039	,4412.0,80,40.0,5,774.0
531,660050010218	,4404.0,80,40.0,10,176.0
532,660120020018	,4391.0,120,60.0,10,261.0
533,660440010160	,4329.0,120,10.0,5,118.0
534,031160103187	,4313.0,80,40.0,5,186.0
535,660140020039	,4295.0,40,20.0,5,165.0
536,660010010839	,4292.0,30,30.0,5,184.0
537,660010010557	,4277.0,20,20.0,5,214.0
538,660250010069	,4260.0,80,40.0,5,190.0
539,031150601025	,4243.0,200,50.0,5,142.0
540,660200010814	,4236.0,120,60.0,5,49.0
541,660220020155	,4205.0,40,40.0,5,106.0
542,020050010070	,4180.0,120,60.0,30,1.0
543,660110010091	,4166.0,80,40.0,5,107.0
544,031160103101	,4163.0,40,20.0,5,99.0
545,031132501036	,4136.0,40,20.0,10,7.0
546,031150601031	,4135.0,200,50.0,5,162.0
547,670040010003	,4134.0,30,30.0,5,329.0
548,031121505024	,4130.0,100,20.0,5,1257.0
549,660010010808	,4124.0,20,20.0,5,69.0
550,031150601104	,4122.0,120,60.0,10,370.0
551,660050010012	,4089.0,60,60.0,5,187.0
552,031160103080	,4069.0,80,40.0,0,1.0
553,020050010096	,4063.0,120,120.0,10,893.0
554,660050010172	,4060.0,40,40.0,5,98.0
555,660050010217	,4033.0,80,40.0,10,103.0
556,660110010054	,4005.0,120,60.0,5,82.0
557,660110010101	,4004.0,80,40.0,0,2.0
558,660200010129	,4003.0,120,60.0,0,3.0
559,660250020032	,4000.0,40,40.0,0,0.0
560,660150030060	,3996.0,80,40.0,5,218.0
561,670010010017	,3988.0,40,20.0,5,107.0
562,660010010898	,3974.0,20,20.0,5,104.0
563,031160203070	,3966.0,120,60.0,5,238.0
564,660010010652	,3957.0,30,30.0,5,122.0
565,031150601300	,3940.0,80,40.0,5,322.0
566,020040030010	,3932.0,100,20.0,5,2296.0
567,020060010035	,3924.0,40,20.0,5,1864.0
568,660140020005	,3914.0,40,20.0,5,344.0
569,660050010174	,3910.0,40,20.0,5,99.0
570,660410010011	,3904.0,60,60.0,5,105.0
571,031121502048	,3901.0,100,20.0,5,2393.0
572,660200010001	,3898.0,120,60.0,5,198.0
